0 0.5854200124740601 0.5671899914741516 0.5062500238418579 0.5703099966049194 0.5 0.5781199932098389 0.5041700005531311 0.5890600085258484 0.5041700005531311 0.6265599727630615 0.5854200124740601 0.6265599727630615
0 0.552079975605011 0.5171899795532227 0.5541700124740601 0.5203099846839905 0.5291699767112732 0.5421900153160095 0.5291699767112732 0.550000011920929 0.520829975605011 0.550000011920929 0.5229200124740601 0.574999988079071 0.5958300232887268 0.5765600204467773 0.5979200005531311 0.5218799710273743 0.59375 0.5234400033950806 0.574999988079071 0.5171899795532227
0 0.5687500238418579 0.45469000935554504 0.5687500238418579 0.47968998551368713 0.5770800113677979 0.48906001448631287 0.5708299875259399 0.4984399974346161 0.5708299875259399 0.5156199932098389 0.59375 0.5203099846839905 0.6499999761581421 0.4968799948692322 0.6645799875259399 0.48594000935554504 0.666670024394989 0.45469000935554504
0 0.4749999940395355 0.38749998807907104 0.4645799994468689 0.4109399914741516 0.48541998863220215 0.45311999320983887 0.4645799994468689 0.46875 0.4645799994468689 0.5375000238418579 0.48541998863220215 0.5484399795532227 0.5249999761581421 0.5468800067901611 0.5291699767112732 0.5531299710273743 0.612500011920929 0.5531299710273743 0.612500011920929 0.38280999660491943
0 0.4395799934864044 0.5562499761581421 0.4375 0.5843799710273743 0.44999998807907104 0.6187499761581421 0.4645799994468689 0.6312500238418579 0.5062500238418579 0.6312500238418579 0.5062500238418579 0.606249988079071 0.5020800232887268 0.5984399914741516 0.5062500238418579 0.5890600085258484 0.5062500238418579 0.5562499761581421
0 0.34375 0.4468800127506256 0.34375 0.5265600085258484 0.3687500059604645 0.5343800187110901 0.3458299934864044 0.5968800187110901 0.35207998752593994 0.625 0.3708299994468689 0.6359400153160095 0.4666700065135956 0.6359400153160095 0.4645799994468689 0.47811999917030334 0.42083001136779785 0.4640600085258484 0.3854199945926666 0.4953100085258484 0.38332998752593994 0.4468800127506256
0 0.28957998752593994 0.5265600085258484 0.28957998752593994 0.6093800067901611 0.36250001192092896 0.6093800067901611 0.36250001192092896 0.5234400033950806
0 0.3395799994468689 0.39219000935554504 0.32499998807907104 0.39844000339508057 0.3166700005531311 0.4109399914741516 0.3187499940395355 0.5031200051307678 0.32916998863220215 0.5203099846839905 0.3333300054073334 0.5171899795532227 0.34375 0.5218799710273743 0.39166998863220215 0.5218799710273743 0.39375001192092896 0.5093700289726257 0.38332998752593994 0.5046899914741516 0.3791700005531311 0.4093799889087677 0.3645800054073334 0.39531001448631287
0 0.3125 0.4437499940395355 0.2770799994468689 0.4468800127506256 0.29583001136779785 0.44999998807907104 0.29583001136779785 0.45311999320983887 0.26875001192092896 0.45469000935554504 0.23749999701976776 0.4734399914741516 0.23125000298023224 0.48280999064445496 0.23125000298023224 0.4984399974346161 0.25 0.5234400033950806 0.2874999940395355 0.5265600085258484 0.3104200065135956 0.518750011920929 0.3166700005531311 0.512499988079071 0.3187499940395355 0.4749999940395355
0 0.17916999757289886 0.5656200051307678 0.17916999757289886 0.5734400153160095 0.1833299994468689 0.5718700289726257 0.1875 0.5796899795532227 0.21250000596046448 0.5984399914741516 0.2458299994468689 0.6031200289726257 0.26458001136779785 0.5984399914741516 0.2770799994468689 0.5890600085258484 0.2791700065135956 0.5968800187110901 0.2791700065135956 0.5625 0.2708300054073334 0.5656200051307678 0.24166999757289886 0.5484399795532227 0.22916999459266663 0.5453100204467773 0.21041999757289886 0.5468800067901611 0.19791999459266663 0.5515599846839905 0.1833299994468689 0.5671899914741516
