0 0.5062500238418579 0.4343799948692322 0.49167001247406006 0.44843998551368713 0.49167001247406006 0.5296900272369385 0.520829975605011 0.5593799948692322 0.49167001247406006 0.5890600085258484 0.518750011920929 0.5890600085258484 0.5375000238418579 0.5734400153160095 0.541670024394989 0.550000011920929 0.5145800113677979 0.5218799710273743 0.5249999761581421 0.5140600204467773 0.5874999761581421 0.5874999761581421 0.6583300232887268 0.5890600085258484 0.6604200005531311 0.5249999761581421 0.6416699886322021 0.5234400033950806 0.5562499761581421 0.4312500059604645
0 0.20417000353336334 0.47968998551368713 0.20417000353336334 0.5281199812889099 0.24375000596046448 0.5625 0.3187499940395355 0.6093800067901611 0.3770799934864044 0.6312500238418579 0.41874998807907104 0.6312500238418579 0.4312500059604645 0.612500011920929 0.4312500059604645 0.5781199932098389 0.3333300054073334 0.5140600204467773 0.2604199945926666 0.47968998551368713
0 0.49167001247406006 0.5953099727630615 0.4583300054073334 0.5968800187110901 0.44582998752593994 0.6015599966049194 0.42917001247406006 0.6140599846839905 0.41874998807907104 0.6390600204467773 0.42500001192092896 0.6593800187110901 0.4625000059604645 0.6593800187110901 0.4729200005531311 0.6499999761581421 0.48541998863220215 0.6468799710273743 0.49167001247406006 0.6390600204467773 0.49167001247406006 0.6234400272369385 0.5020800232887268 0.6093800067901611
0 0.5270799994468689 0.5921900272369385 0.5 0.6109399795532227 0.48750001192092896 0.6468799710273743 0.5 0.6515600085258484 0.5291699767112732 0.6843799948692322 0.574999988079071 0.6843799948692322 0.5979200005531311 0.6734399795532227 0.612500011920929 0.65625 0.6104199886322021 0.6265599727630615 0.583329975605011 0.5984399914741516 0.5562499761581421 0.5906199812889099
0 0.48750001192092896 0.643750011920929 0.4645799994468689 0.6593800187110901 0.45208001136779785 0.6796900033950806 0.45208001136779785 0.6937500238418579 0.4791699945926666 0.7250000238418579 0.53125 0.7265599966049194 0.5333300232887268 0.643750011920929
0 0.4437499940395355 0.6671900153160095 0.40625 0.6656200289726257 0.36667001247406006 0.6812499761581421 0.3499999940395355 0.6781200170516968 0.3499999940395355 0.6984400153160095 0.36041998863220215 0.7156199812889099 0.3791700005531311 0.7250000238418579 0.4041700065135956 0.7250000238418579 0.4375 0.7124999761581421 0.45208001136779785 0.6968799829483032 0.45208001136779785 0.6765599846839905
0 0.32708001136779785 0.4625000059604645 0.32708001136779785 0.512499988079071 0.3375000059604645 0.5156199932098389 0.3395799994468689 0.5249999761581421 0.3729200065135956 0.5390599966049194 0.4020799994468689 0.5390599966049194 0.41874998807907104 0.5343800187110901 0.4375 0.5203099846839905 0.4395799934864044 0.4906199872493744 0.41874998807907104 0.4749999940395355 0.3499999940395355 0.46094000339508057
0 0.3854199945926666 0.4093799889087677 0.375 0.4343799948692322 0.39375001192092896 0.45469000935554504 0.4104200005531311 0.45938000082969666 0.4749999940395355 0.45781001448631287 0.4645799994468689 0.45625001192092896 0.48333001136779785 0.4437499940395355 0.4895800054073334 0.4343799948692322 0.4895800054073334 0.4109399914741516 0.47707998752593994 0.39844000339508057 0.4583300054073334 0.39219000935554504 0.4333299994468689 0.39061999320983887 0.4020799994468689 0.39844000339508057
0 0.4312500059604645 0.45311999320983887 0.4375 0.4671899974346161 0.4312500059604645 0.48124998807907104 0.4333299994468689 0.5046899914741516 0.4375 0.5015599727630615 0.4416700005531311 0.5046899914741516 0.4395799934864044 0.5171899795532227 0.4979200065135956 0.518750011920929 0.5020800232887268 0.5156199932098389 0.5020800232887268 0.45311999320983887
0 0.4416700005531311 0.512499988079071 0.4333299994468689 0.5265600085258484 0.4166699945926666 0.5375000238418579 0.42917001247406006 0.5765600204467773 0.45625001192092896 0.5953099727630615 0.5291699767112732 0.59375 0.520829975605011 0.5890600085258484 0.53125 0.581250011920929 0.5354200005531311 0.5906199812889099 0.5375000238418579 0.5406200289726257 0.5270799994468689 0.5296900272369385 0.5062500238418579 0.518750011920929
