0 0.15625 0.6890599727630615 0.13957999646663666 0.7093799710273743 0.13957999646663666 0.7281200289726257 0.2708300054073334 0.8468800187110901 0.30000001192092896 0.8531200289726257 0.32708001136779785 0.84375 0.3416700065135956 0.8234400153160095 0.3375000059604645 0.800000011920929 0.29791998863220215 0.7640600204467773 0.3229199945926666 0.7531200051307678 0.3333300054073334 0.7343800067901611 0.3145799934864044 0.6937500238418579 0.2854200005531311 0.6890599727630615 0.2520799934864044 0.7156199812889099 0.20207999646663666 0.6812499761581421
0 0.36041998863220215 0.6296899914741516 0.3125 0.6296899914741516 0.29374998807907104 0.6421899795532227 0.28957998752593994 0.6515600085258484 0.29374998807907104 0.675000011920929 0.32082998752593994 0.6984400153160095 0.3416700065135956 0.6968799829483032 0.35624998807907104 0.6859400272369385 0.35833001136779785 0.6609399914741516 0.3499999940395355 0.6453099846839905 0.35833001136779785 0.6421899795532227
0 0.1916700005531311 0.48906001448631287 0.16666999459266663 0.5062500238418579 0.16666999459266663 0.5328099727630615 0.17499999701976776 0.543749988079071 0.1916700005531311 0.5531299710273743 0.22916999459266663 0.5546900033950806 0.23332999646663666 0.5484399795532227 0.25 0.5390599966049194 0.25832998752593994 0.5218799710273743 0.2562499940395355 0.5078099966049194 0.25 0.5 0.23125000298023224 0.48906001448631287
0 0.32499998807907104 0.5671899914741516 0.3166700005531311 0.574999988079071 0.3083299994468689 0.5953099727630615 0.3145799934864044 0.6156299710273743 0.33125001192092896 0.6296899914741516 0.3458299934864044 0.6312500238418579 0.36250001192092896 0.625 0.3645800054073334 0.6312500238418579 0.3729200065135956 0.6296899914741516 0.3729200065135956 0.6234400272369385 0.36667001247406006 0.6218799948692322 0.3708299994468689 0.6000000238418579 0.3687500059604645 0.581250011920929 0.3499999940395355 0.5656200051307678 0.33542001247406006 0.5640599727630615
0 0.28125 0.5375000238418579 0.24166999757289886 0.543749988079071 0.22708000242710114 0.5640599727630615 0.20000000298023224 0.6546900272369385 0.21041999757289886 0.6718800067901611 0.23125000298023224 0.6812499761581421 0.26666998863220215 0.6765599846839905 0.2916699945926666 0.6515600085258484 0.3145799934864044 0.5718700289726257 0.3083299994468689 0.5515599846839905
0 0.10208000242710114 0.59375 0.08332999795675278 0.6093800067901611 0.07500000298023224 0.625 0.07500000298023224 0.6421899795532227 0.08541999757289886 0.6578099727630615 0.1208299994468689 0.6765599846839905 0.1875 0.6796900033950806 0.20000000298023224 0.675000011920929 0.20207999646663666 0.6203100085258484 0.18957999348640442 0.6000000238418579 0.17082999646663666 0.5890600085258484 0.14374999701976776 0.5843799710273743
0 0.4270800054073334 0.6499999761581421 0.42917001247406006 0.6765599846839905 0.41874998807907104 0.6921899914741516 0.42500001192092896 0.7093799710273743 0.41874998807907104 0.7140600085258484 0.41874998807907104 0.75 0.48333001136779785 0.7515599727630615 0.518750011920929 0.7390599846839905 0.5395799875259399 0.7140600085258484 0.5458300113677979 0.6703100204467773 0.4729200005531311 0.6578099727630615 0.45416998863220215 0.6499999761581421
0 0.3729200065135956 0.5921900272369385 0.3708299994468689 0.6187499761581421 0.39375001192092896 0.637499988079071 0.36250001192092896 0.6671900153160095 0.41457998752593994 0.6468799710273743 0.42917001247406006 0.6578099727630615 0.4312500059604645 0.675000011920929 0.4645799994468689 0.6546900272369385 0.5625 0.6734399795532227 0.606249988079071 0.6625000238418579 0.6083300113677979 0.6312500238418579 0.5854200124740601 0.612500011920929 0.4166699945926666 0.5765600204467773 0.3958300054073334 0.5781199932098389
0 0.3708299994468689 0.7140600085258484 0.33542001247406006 0.7328100204467773 0.3166700005531311 0.7640600204467773 0.3416700065135956 0.8015599846839905 0.36667001247406006 0.8093799948692322 0.4083299934864044 0.8062499761581421 0.4437499940395355 0.7796900272369385 0.44999998807907104 0.7546899914741516 0.4479199945926666 0.7265599966049194 0.4354200065135956 0.7296900153160095 0.4041700065135956 0.7140600085258484
0 0.36041998863220215 0.6296899914741516 0.36041998863220215 0.65625 0.36667001247406006 0.6593800187110901 0.36041998863220215 0.6718800067901611 0.36041998863220215 0.6843799948692322 0.3687500059604645 0.6984400153160095 0.3812499940395355 0.7046899795532227 0.42917001247406006 0.7046899795532227 0.4312500059604645 0.6765599846839905 0.4270800054073334 0.6703100204467773 0.4312500059604645 0.6484400033950806 0.4124999940395355 0.6390600204467773 0.3958300054073334 0.6390600204467773 0.38332998752593994 0.6296899914741516
0 0.2791700065135956 0.6906200051307678 0.26249998807907104 0.7093799710273743 0.26249998807907104 0.7203099727630615 0.2791700065135956 0.7421900033950806 0.2791700065135956 0.7515599727630615 0.29791998863220215 0.7593799829483032 0.32082998752593994 0.7562500238418579 0.3229199945926666 0.7640600204467773 0.3375000059604645 0.762499988079071 0.3395799994468689 0.7406200170516968 0.32916998863220215 0.7406200170516968 0.3333300054073334 0.7359399795532227 0.3333300054073334 0.7218800187110901 0.32082998752593994 0.6984400153160095 0.3062500059604645 0.6890599727630615
