0 0.38332998752593994 0.5421900153160095 0.38332998752593994 0.550000011920929 0.35624998807907104 0.5781199932098389 0.35624998807907104 0.5859400033950806 0.36250001192092896 0.5843799710273743 0.3687500059604645 0.6031200289726257 0.39166998863220215 0.6171900033950806 0.45625001192092896 0.6156299710273743 0.4583300054073334 0.5703099966049194 0.4416700005531311 0.5593799948692322 0.4416700005531311 0.5546900033950806 0.4270800054073334 0.5421900153160095 0.4104200005531311 0.5468800067901611
0 0.21041999757289886 0.5218799710273743 0.1916700005531311 0.5328099727630615 0.18542000651359558 0.5593799948692322 0.22916999459266663 0.6671900153160095 0.2562499940395355 0.6906200051307678 0.29791998863220215 0.6859400272369385 0.29791998863220215 0.6968799829483032 0.3104200065135956 0.6968799829483032 0.3104200065135956 0.512499988079071 0.2791700065135956 0.512499988079071 0.26666998863220215 0.5390599966049194 0.24166999757289886 0.5218799710273743
0 0.26249998807907104 0.4328100085258484 0.25 0.45155999064445496 0.25 0.46875 0.26666998863220215 0.48594000935554504 0.3062500059604645 0.4984399974346161 0.3645800054073334 0.4968799948692322 0.3645800054073334 0.4749999940395355 0.35833001136779785 0.47655999660491943 0.35624998807907104 0.4468800127506256 0.3395799994468689 0.4281199872493744 0.3187499940395355 0.42030999064445496 0.29374998807907104 0.42030999064445496
0 0.3333300054073334 0.4906199872493744 0.3166700005531311 0.49219000339508057 0.2874999940395355 0.5062500238418579 0.2770799994468689 0.5156199932098389 0.26875001192092896 0.5343800187110901 0.26875001192092896 0.5515599846839905 0.28125 0.5687500238418579 0.29791998863220215 0.5796899795532227 0.3166700005531311 0.5843799710273743 0.35624998807907104 0.5765600204467773 0.3812499940395355 0.5484399795532227 0.38332998752593994 0.5343800187110901 0.375 0.5140600204467773 0.3645800054073334 0.5046899914741516 0.3395799994468689 0.4968799948692322
0 0.36667001247406006 0.6593800187110901 0.3416700065135956 0.6593800187110901 0.3187499940395355 0.668749988079071 0.30417001247406006 0.6796900033950806 0.29583001136779785 0.6984400153160095 0.29583001136779785 0.7140600085258484 0.30417001247406006 0.731249988079071 0.33542001247406006 0.7484400272369385 0.36667001247406006 0.7484400272369385 0.38749998807907104 0.7406200170516968 0.4124999940395355 0.7140600085258484 0.4166699945926666 0.71875 0.4166699945926666 0.675000011920929 0.4000000059604645 0.6734399795532227
0 0.581250011920929 0.4734399914741516 0.5604199767112732 0.48594000935554504 0.550000011920929 0.5109400153160095 0.5687500238418579 0.5453100204467773 0.550000011920929 0.5718700289726257 0.5583299994468689 0.6078100204467773 0.550000011920929 0.6359400153160095 0.677079975605011 0.6359400153160095 0.706250011920929 0.6140599846839905 0.706250011920929 0.5921900272369385 0.625 0.48438000679016113 0.606249988079071 0.4734399914741516
0 0.4895800054073334 0.4671899974346161 0.48333001136779785 0.4734399914741516 0.48124998807907104 0.4906199872493744 0.48750001192092896 0.5015599727630615 0.510420024394989 0.518750011920929 0.5479199886322021 0.518750011920929 0.5458300113677979 0.5140600204467773 0.5541700124740601 0.4984399974346161 0.5541700124740601 0.48906001448631287 0.5479199886322021 0.48124998807907104 0.53125 0.46875 0.518750011920929 0.4640600085258484 0.4979200065135956 0.4640600085258484
0 0.3770799934864044 0.5796899795532227 0.3770799934864044 0.6109399795532227 0.39375001192092896 0.6171900033950806 0.3770799934864044 0.6328099966049194 0.3770799934864044 0.6609399914741516 0.4041700065135956 0.6734399795532227 0.45208001136779785 0.6734399795532227 0.5270799994468689 0.6515600085258484 0.5541700124740601 0.6265599727630615 0.5562499761581421 0.6031200289726257 0.5354200005531311 0.5874999761581421 0.512499988079071 0.5843799710273743 0.4479199945926666 0.6000000238418579 0.44999998807907104 0.5796899795532227
0 0.3687500059604645 0.4749999940395355 0.3687500059604645 0.5078099966049194 0.3791700005531311 0.518750011920929 0.38749998807907104 0.5406200289726257 0.3958300054073334 0.5453100204467773 0.4104200005531311 0.5453100204467773 0.42500001192092896 0.5359399914741516 0.42917001247406006 0.5453100204467773 0.44582998752593994 0.5453100204467773 0.44582998752593994 0.4749999940395355
0 0.41874998807907104 0.5078099966049194 0.41874998807907104 0.5390599966049194 0.4270800054073334 0.5359399914741516 0.4312500059604645 0.5468800067901611 0.4479199945926666 0.5625 0.4645799994468689 0.5687500238418579 0.5041700005531311 0.5687500238418579 0.5041700005531311 0.53125 0.5 0.5328099727630615 0.49167001247406006 0.5249999761581421 0.4729200005531311 0.5171899795532227 0.4479199945926666 0.5156199932098389 0.4333299994468689 0.5078099966049194
0 0.4937500059604645 0.5109400153160095 0.4958299994468689 0.5562499761581421 0.4979200065135956 0.5515599846839905 0.5062500238418579 0.5562499761581421 0.510420024394989 0.5703099966049194 0.5166699886322021 0.574999988079071 0.5479199886322021 0.5734400153160095 0.5666700005531311 0.5515599846839905 0.5645800232887268 0.53125 0.5562499761581421 0.5203099846839905 0.541670024394989 0.5109400153160095
