0 0.35624998807907104 0.5421900153160095 0.33125001192092896 0.5406200289726257 0.3083299994468689 0.5593799948692322 0.27292001247406006 0.643750011920929 0.2750000059604645 0.6578099727630615 0.29374998807907104 0.6734399795532227 0.32708001136779785 0.6734399795532227 0.3333300054073334 0.65625 0.3499999940395355 0.643750011920929 0.35833001136779785 0.6187499761581421 0.3729200065135956 0.6265599727630615 0.36667001247406006 0.6000000238418579 0.3729200065135956 0.5656200051307678
0 0.5687500238418579 0.6468799710273743 0.5395799875259399 0.6390600204467773 0.48750001192092896 0.6593800187110901 0.46875 0.6515600085258484 0.45625001192092896 0.6703100204467773 0.4000000059604645 0.6875 0.4083299934864044 0.6937500238418579 0.40625 0.7171900272369385 0.42500001192092896 0.7296900153160095 0.4645799994468689 0.7296900153160095 0.5354200005531311 0.7031199932098389 0.574999988079071 0.6796900033950806
0 0.4416700005531311 0.5249999761581421 0.42917001247406006 0.5156199932098389 0.4124999940395355 0.5109400153160095 0.4020799994468689 0.5109400153160095 0.38332998752593994 0.5171899795532227 0.36667001247406006 0.5328099727630615 0.36250001192092896 0.574999988079071 0.4270800054073334 0.574999988079071 0.4395799934864044 0.5687500238418579 0.44582998752593994 0.5625
0 0.44582998752593994 0.5609400272369385 0.3645800054073334 0.5609400272369385 0.36250001192092896 0.5796899795532227 0.35207998752593994 0.6000000238418579 0.35207998752593994 0.6453099846839905 0.3687500059604645 0.643750011920929 0.3770799934864044 0.6328099966049194 0.38958001136779785 0.6359400153160095 0.4395799934864044 0.6234400272369385 0.4437499940395355 0.6000000238418579 0.4270800054073334 0.574999988079071
0 0.39166998863220215 0.7265599966049194 0.3791700005531311 0.7421900033950806 0.3791700005531311 0.7609400153160095 0.39166998863220215 0.7765600085258484 0.4020799994468689 0.78125 0.4166699945926666 0.7796900272369385 0.42500001192092896 0.7734400033950806 0.4270800054073334 0.768750011920929 0.42500001192092896 0.7453100085258484 0.42083001136779785 0.7390599846839905 0.40625 0.7281200289726257
0 0.44582998752593994 0.5062500238418579 0.44582998752593994 0.5234400033950806 0.45208001136779785 0.5234400033950806 0.4479199945926666 0.5328099727630615 0.4625000059604645 0.5515599846839905 0.4583300054073334 0.5531299710273743 0.4645799994468689 0.5562499761581421 0.4937500059604645 0.5531299710273743 0.4979200065135956 0.5578100085258484 0.512499988079071 0.5578100085258484 0.5145800113677979 0.5562499761581421 0.5083299875259399 0.5453100204467773 0.512499988079071 0.5406200289726257 0.512499988079071 0.5265600085258484 0.5062500238418579 0.5171899795532227 0.48541998863220215 0.5093700289726257 0.4666700065135956 0.5109400153160095 0.4666700065135956 0.5078099966049194
0 0.5062500238418579 0.612500011920929 0.49167001247406006 0.612500011920929 0.4749999940395355 0.6234400272369385 0.4708299934864044 0.6296899914741516 0.4708299934864044 0.6359400153160095 0.4645799994468689 0.6406199932098389 0.4645799994468689 0.6546900272369385 0.46875 0.6609399914741516 0.4708299934864044 0.6593800187110901 0.4666700065135956 0.6546900272369385 0.4708299934864044 0.6515600085258484 0.47707998752593994 0.65625 0.48750001192092896 0.6578099727630615 0.510420024394989 0.6484400033950806 0.5166699886322021 0.637499988079071 0.5166699886322021 0.6218799948692322 0.512499988079071 0.6156299710273743
0 0.3187499940395355 0.6656200289726257 0.3083299994468689 0.675000011920929 0.30000001192092896 0.6734399795532227 0.2874999940395355 0.6812499761581421 0.2874999940395355 0.6953099966049194 0.29374998807907104 0.7046899795532227 0.30417001247406006 0.7124999761581421 0.3187499940395355 0.7171900272369385 0.32708001136779785 0.7171900272369385 0.34375 0.7093799710273743 0.34375 0.6984400153160095 0.3395799994468689 0.6875 0.32082998752593994 0.6734399795532227 0.32916998863220215 0.6718800067901611 0.32708001136779785 0.6703100204467773 0.32916998863220215 0.6656200289726257
0 0.5791699886322021 0.606249988079071 0.5687500238418579 0.6015599966049194 0.5458300113677979 0.6015599966049194 0.5229200124740601 0.6156299710273743 0.518750011920929 0.625 0.518750011920929 0.6343700289726257 0.5270799994468689 0.6328099966049194 0.5291699767112732 0.6343700289726257 0.5625 0.6343700289726257 0.5791699886322021 0.625 0.581250011920929 0.6265599727630615 0.583329975605011 0.612500011920929
0 0.4666700065135956 0.6390600204467773 0.45416998863220215 0.6281200051307678 0.4270800054073334 0.6265599727630615 0.3541699945926666 0.643750011920929 0.33125001192092896 0.6625000238418579 0.3333300054073334 0.6828100085258484 0.3499999940395355 0.6921899914741516 0.3708299994468689 0.6921899914741516 0.4041700065135956 0.6828100085258484 0.4104200005531311 0.6843799948692322 0.4104200005531311 0.6890599727630615 0.46042001247406006 0.6671900153160095 0.46875 0.6531199812889099
0 0.4645799994468689 0.5515599846839905 0.4625000059604645 0.5687500238418579 0.4666700065135956 0.5718700289726257 0.4666700065135956 0.5859400033950806 0.48333001136779785 0.612500011920929 0.5229200124740601 0.612500011920929 0.550000011920929 0.5984399914741516 0.550000011920929 0.5765600204467773 0.543749988079071 0.5656200051307678 0.53125 0.5562499761581421 0.510420024394989 0.550000011920929 0.5020800232887268 0.550000011920929 0.48750001192092896 0.5562499761581421 0.46875 0.5546900033950806
