0 0.4583300054073334 0.5390599966049194 0.4583300054073334 0.5625 0.4729200005531311 0.5625 0.46042001247406006 0.7531200051307678 0.49167001247406006 0.7843800187110901 0.5458300113677979 0.7859399914741516 0.5791699886322021 0.7437499761581421 0.5645800232887268 0.5718700289726257 0.53125 0.5453100204467773 0.4895800054073334 0.550000011920929 0.48750001192092896 0.5390599966049194
0 0.15000000596046448 0.581250011920929 0.11874999850988388 0.5890600085258484 0.0979200005531311 0.6109399795532227 0.03957999870181084 0.8343799710273743 0.047919999808073044 0.8515599966049194 0.08749999850988388 0.8703100085258484 0.13541999459266663 0.862500011920929 0.17082999646663666 0.8374999761581421 0.17916999757289886 0.8656200170516968 0.20833000540733337 0.8734400272369385 0.19791999459266663 0.7015600204467773 0.20833000540733337 0.606249988079071
0 0.38332998752593994 0.5156199932098389 0.3791700005531311 0.5359399914741516 0.4000000059604645 0.5546900033950806 0.4124999940395355 0.5546900033950806 0.4375 0.5640599727630615 0.4895800054073334 0.5625 0.48541998863220215 0.5296900272369385 0.4625000059604645 0.5109400153160095 0.4333299994468689 0.5031200051307678 0.4166699945926666 0.5031200051307678 0.3958300054073334 0.5078099966049194
0 0.30000001192092896 0.45469000935554504 0.28957998752593994 0.4703100025653839 0.28957998752593994 0.49219000339508057 0.29583001136779785 0.5062500238418579 0.3062500059604645 0.512499988079071 0.30417001247406006 0.5046899914741516 0.33542001247406006 0.5265600085258484 0.3770799934864044 0.5265600085258484 0.3791700005531311 0.5109400153160095 0.375 0.5171899795532227 0.3708299994468689 0.5156199932098389 0.375 0.5062500238418579 0.3729200065135956 0.47968998551368713 0.35833001136779785 0.45938000082969666 0.33125001192092896 0.44530999660491943 0.32082998752593994 0.44530999660491943
0 0.3333300054073334 0.4953100085258484 0.28957998752593994 0.4953100085258484 0.28957998752593994 0.5015599727630615 0.25 0.5031200051307678 0.2145799994468689 0.5203099846839905 0.19583000242710114 0.550000011920929 0.19583000242710114 0.5796899795532227 0.21041999757289886 0.6078100204467773 0.2145799994468689 0.6046900153160095 0.23542000353336334 0.6156299710273743 0.3333300054073334 0.6156299710273743
0 0.19791999459266663 0.7953100204467773 0.18125000596046448 0.8046900033950806 0.17292000353336334 0.8328099846839905 0.17708000540733337 0.8609399795532227 0.1875 0.8796899914741516 0.21667000651359558 0.8984400033950806 0.2770799994468689 0.8984400033950806 0.2791700065135956 0.7953100204467773 0.25 0.8015599846839905 0.22708000242710114 0.800000011920929 0.2145799994468689 0.793749988079071
0 0.23958000540733337 0.6312500238418579 0.23332999646663666 0.643750011920929 0.23542000353336334 0.6546900272369385 0.2708300054073334 0.6890599727630615 0.3541699945926666 0.6875 0.3541699945926666 0.6515600085258484 0.32708001136779785 0.6265599727630615 0.3062500059604645 0.6187499761581421 0.2791700065135956 0.6171900033950806 0.25 0.6234400272369385
0 0.45625001192092896 0.5703099966049194 0.44999998807907104 0.574999988079071 0.4416700005531311 0.5687500238418579 0.4479199945926666 0.5671899914741516 0.3854199945926666 0.5531299710273743 0.3145799934864044 0.5828099846839905 0.3125 0.6187499761581421 0.3458299934864044 0.637499988079071 0.35833001136779785 0.668749988079071 0.42083001136779785 0.6671900153160095 0.45208001136779785 0.6406199932098389 0.45625001192092896 0.643750011920929
0 0.19791999459266663 0.7046899795532227 0.18542000651359558 0.75 0.19791999459266663 0.7796900272369385 0.22708000242710114 0.7968800067901611 0.3166700005531311 0.7968800067901611 0.3187499940395355 0.6937500238418579 0.2458299994468689 0.6843799948692322
0 0.35624998807907104 0.6656200289726257 0.35207998752593994 0.675000011920929 0.32082998752593994 0.6921899914741516 0.32708001136779785 0.7656199932098389 0.3541699945926666 0.7843800187110901 0.4333299994468689 0.7828099727630615 0.45625001192092896 0.7640600204467773 0.4645799994468689 0.7640600204467773 0.4645799994468689 0.7031199932098389 0.4041700065135956 0.6656200289726257
