0 0.23542000353336334 0.5578100085258484 0.24166999757289886 0.5859400033950806 0.2708300054073334 0.6078100204467773 0.35207998752593994 0.6093800067901611 0.3687500059604645 0.6031200289726257 0.4645799994468689 0.6093800067901611 0.48541998863220215 0.5968800187110901 0.4937500059604645 0.581250011920929 0.49167001247406006 0.5546900033950806 0.4416700005531311 0.5421900153160095 0.27292001247406006 0.5359399914741516 0.2520799934864044 0.5406200289726257
0 0.38958001136779785 0.5687500238418579 0.38958001136779785 0.6031200289726257 0.46875 0.6093800067901611 0.39166998863220215 0.65625 0.38958001136779785 0.6781200170516968 0.4083299934864044 0.7031199932098389 0.6208299994468689 0.7093799710273743 0.6208299994468689 0.5984399914741516 0.59375 0.5593799948692322 0.5291699767112732 0.5828099846839905 0.4979200065135956 0.574999988079071 0.48750001192092896 0.5593799948692322
0 0.6708300113677979 0.5093700289726257 0.645829975605011 0.5078099966049194 0.6229199767112732 0.5140600204467773 0.6020799875259399 0.5281199812889099 0.59375 0.5421900153160095 0.59375 0.5593799948692322 0.6208299994468689 0.5968800187110901 0.675000011920929 0.5953099727630615 0.6895800232887268 0.5906199812889099 0.708329975605011 0.574999988079071 0.7145799994468689 0.5625 0.7145799994468689 0.5421900153160095 0.7020800113677979 0.5234400033950806
0 0.552079975605011 0.45469000935554504 0.541670024394989 0.47655999660491943 0.541670024394989 0.5109400153160095 0.635420024394989 0.5093700289726257 0.635420024394989 0.45781001448631287
0 0.5583299994468689 0.4078100025653839 0.543749988079071 0.4078100025653839 0.5395799875259399 0.4124999940395355 0.5333300232887268 0.4093799889087677 0.5166699886322021 0.4109399914741516 0.5020800232887268 0.42188000679016113 0.4937500059604645 0.4375 0.4937500059604645 0.45625001192092896 0.5 0.46875 0.5083299875259399 0.4749999940395355 0.5583299994468689 0.4749999940395355
0 0.3812499940395355 0.4656200110912323 0.3687500059604645 0.4749999940395355 0.35624998807907104 0.4968799948692322 0.35624998807907104 0.5109400153160095 0.375 0.5390599966049194 0.3812499940395355 0.5375000238418579 0.3854199945926666 0.543749988079071 0.4708299934864044 0.543749988079071 0.4708299934864044 0.4906199872493744 0.4645799994468689 0.47655999660491943 0.4479199945926666 0.4640600085258484 0.4270800054073334 0.45781001448631287 0.4020799994468689 0.45781001448631287
0 0.520829975605011 0.48594000935554504 0.4979200065135956 0.49219000339508057 0.4708299934864044 0.5140600204467773 0.46875 0.53125 0.4729200005531311 0.5453100204467773 0.4895800054073334 0.5578100085258484 0.4979200065135956 0.5734400153160095 0.510420024394989 0.5781199932098389 0.5375000238418579 0.5781199932098389 0.5687500238418579 0.5640599727630615 0.581250011920929 0.5515599846839905 0.5854200124740601 0.5093700289726257 0.543749988079071 0.48750001192092896
0 0.30417001247406006 0.6234400272369385 0.2854200005531311 0.6218799948692322 0.2562499940395355 0.6296899914741516 0.23332999646663666 0.6515600085258484 0.22916999459266663 0.6625000238418579 0.23332999646663666 0.6843799948692322 0.25832998752593994 0.7046899795532227 0.30000001192092896 0.7046899795532227 0.3145799934864044 0.6984400153160095 0.3395799994468689 0.6765599846839905 0.34375 0.6796900033950806 0.34375 0.6484400033950806 0.32708001136779785 0.6343700289726257
0 0.33125001192092896 0.6015599966049194 0.33125001192092896 0.637499988079071 0.35624998807907104 0.6531199812889099 0.4000000059604645 0.6531199812889099 0.4312500059604645 0.6328099966049194 0.42500001192092896 0.6203100085258484 0.4124999940395355 0.6109399795532227 0.3958300054073334 0.6078100204467773 0.4000000059604645 0.606249988079071
0 0.5333300232887268 0.6421899795532227 0.5333300232887268 0.6593800187110901 0.5395799875259399 0.6609399914741516 0.5395799875259399 0.6734399795532227 0.550000011920929 0.6859400272369385 0.574999988079071 0.6921899914741516 0.59375 0.6921899914741516 0.6020799875259399 0.6968799829483032 0.6395800113677979 0.6953099966049194 0.637499988079071 0.6421899795532227
