0 0.7166699767112732 0.512499988079071 0.6875 0.5453100204467773 0.6625000238418579 0.5968800187110901 0.6645799875259399 0.6218799948692322 0.6812499761581421 0.6265599727630615 0.668749988079071 0.6578099727630615 0.6729199886322021 0.6796900033950806 0.7145799994468689 0.699999988079071 0.822920024394989 0.7015600204467773 0.8166700005531311 0.5249999761581421 0.7854200005531311 0.5062500238418579
0 0.6812499761581421 0.3734399974346161 0.677079975605011 0.38280999660491943 0.6791700124740601 0.39688000082969666 0.6875 0.4078100025653839 0.7145799994468689 0.42500001192092896 0.7250000238418579 0.4281199872493744 0.770829975605011 0.4281199872493744 0.7875000238418579 0.42344000935554504 0.7979199886322021 0.41405999660491943 0.802079975605011 0.39688000082969666 0.793749988079071 0.38280999660491943 0.760420024394989 0.36094000935554504 0.7145799994468689 0.35780999064445496 0.6916700005531311 0.3656199872493744
0 0.5479199886322021 0.35468998551368713 0.5249999761581421 0.3421899974346161 0.5 0.3406200110912323 0.4416700005531311 0.36719000339508057 0.36041998863220215 0.41561999917030334 0.3541699945926666 0.42656001448631287 0.36041998863220215 0.45625001192092896 0.39792001247406006 0.4718799889087677 0.550000011920929 0.4734399914741516 0.552079975605011 0.42030999064445496 0.5645800232887268 0.39688000082969666 0.552079975605011 0.39531001448631287 0.5562499761581421 0.3703100085258484
0 0.5666700005531311 0.4968799948692322 0.5645800232887268 0.5093700289726257 0.5708299875259399 0.5265600085258484 0.606249988079071 0.5781199932098389 0.6229199767112732 0.5890600085258484 0.643750011920929 0.5874999761581421 0.6541699767112732 0.5796899795532227 0.65625 0.5671899914741516 0.6208299994468689 0.5109400153160095 0.6104199886322021 0.5015599727630615 0.5708299875259399 0.5015599727630615
0 0.5708299875259399 0.4046899974346161 0.5541700124740601 0.41874998807907104 0.5541700124740601 0.48594000935554504 0.5645800232887268 0.4968799948692322 0.5958300232887268 0.5031200051307678 0.5916699767112732 0.5 0.6000000238418579 0.4968799948692322 0.6083300113677979 0.48438000679016113 0.606249988079071 0.41718998551368713 0.59375 0.4046899974346161
0 0.5249999761581421 0.5968800187110901 0.49167001247406006 0.6140599846839905 0.48750001192092896 0.6265599727630615 0.5 0.7531200051307678 0.510420024394989 0.7890599966049194 0.5333300232887268 0.8031200170516968 0.5604199767112732 0.8062499761581421 0.5791699886322021 0.800000011920929 0.5979200005531311 0.7796900272369385 0.5916699767112732 0.7015600204467773 0.574999988079071 0.6171900033950806 0.5562499761581421 0.6015599966049194
0 0.36250001192092896 0.581250011920929 0.3333300054073334 0.6078100204467773 0.3333300054073334 0.6265599727630615 0.3958300054073334 0.7296900153160095 0.42500001192092896 0.7453100085258484 0.45416998863220215 0.7437499761581421 0.48333001136779785 0.7218800187110901 0.48333001136779785 0.6968799829483032 0.42083001136779785 0.5953099727630615 0.39166998863220215 0.5796899795532227
0 0.637499988079071 0.41561999917030334 0.6187499761581421 0.42344000935554504 0.6104199886322021 0.4343799948692322 0.612500011920929 0.49219000339508057 0.635420024394989 0.5078099966049194 0.6645799875259399 0.5093700289726257 0.675000011920929 0.5062500238418579 0.6916700005531311 0.4906199872493744 0.697920024394989 0.4734399914741516 0.6958299875259399 0.44999998807907104 0.6854199767112732 0.4312500059604645 0.6729199886322021 0.42030999064445496 0.6625000238418579 0.41561999917030334
0 0.26458001136779785 0.5671899914741516 0.24375000596046448 0.574999988079071 0.22916999459266663 0.5874999761581421 0.2229200005531311 0.5984399914741516 0.2229200005531311 0.6187499761581421 0.23125000298023224 0.6312500238418579 0.25 0.643750011920929 0.2604199945926666 0.6468799710273743 0.30000001192092896 0.6453099846839905 0.3145799934864044 0.6390600204467773 0.33542001247406006 0.6187499761581421 0.3395799994468689 0.625 0.3395799994468689 0.6078100204467773 0.32499998807907104 0.5843799710273743 0.3083299994468689 0.5718700289726257 0.2916699945926666 0.5671899914741516
0 0.30000001192092896 0.6531199812889099 0.26666998863220215 0.6734399795532227 0.25832998752593994 0.6875 0.25832998752593994 0.706250011920929 0.26458001136779785 0.7171900272369385 0.28957998752593994 0.7328100204467773 0.3333300054073334 0.7328100204467773 0.36250001192092896 0.7140600085258484 0.36250001192092896 0.675000011920929 0.3479200005531311 0.6578099727630615 0.3416700065135956 0.6593800187110901 0.32916998863220215 0.6531199812889099
