0 0.45208001136779785 0.3843800127506256 0.4437499940395355 0.4000000059604645 0.45208001136779785 0.4109399914741516 0.4166699945926666 0.45625001192092896 0.4166699945926666 0.48438000679016113 0.4437499940395355 0.49219000339508057 0.48333001136779785 0.47811999917030334 0.5041700005531311 0.4937500059604645 0.5291699767112732 0.4937500059604645 0.5291699767112732 0.3843800127506256
0 0.4020799994468689 0.5249999761581421 0.4041700065135956 0.5468800067901611 0.4354200065135956 0.5625 0.4895800054073334 0.5828099846839905 0.5270799994468689 0.5859400033950806 0.5458300113677979 0.574999988079071 0.5479199886322021 0.5843799710273743 0.5479199886322021 0.5562499761581421 0.44999998807907104 0.5109400153160095 0.4312500059604645 0.5109400153160095
0 0.22499999403953552 0.39219000935554504 0.22708000242710114 0.45938000082969666 0.25832998752593994 0.48280999064445496 0.4583300054073334 0.48280999064445496 0.4583300054073334 0.3109399974346161 0.3375000059604645 0.3109399974346161 0.27292001247406006 0.3687500059604645
0 0.36250001192092896 0.2171899974346161 0.3187499940395355 0.20780999958515167 0.2770799994468689 0.22811999917030334 0.16249999403953552 0.32969000935554504 0.15417000651359558 0.3468799889087677 0.1604200005531311 0.36250001192092896 0.19374999403953552 0.3796899914741516 0.24792000651359558 0.3796899914741516 0.26666998863220215 0.3718799948692322 0.3770799934864044 0.27188000082969666 0.3770799934864044 0.23281000554561615
0 0.3958300054073334 0.6171900033950806 0.38749998807907104 0.6453099846839905 0.4083299934864044 0.675000011920929 0.518750011920929 0.6781200170516968 0.518750011920929 0.5921900272369385 0.4416700005531311 0.5921900272369385 0.4104200005531311 0.6046900153160095
0 0.4791699945926666 0.6718800067901611 0.4375 0.6734399795532227 0.42917001247406006 0.6781200170516968 0.4083299934864044 0.6734399795532227 0.375 0.6843799948692322 0.35207998752593994 0.706250011920929 0.3499999940395355 0.7265599966049194 0.36041998863220215 0.7437499761581421 0.39375001192092896 0.7593799829483032 0.39375001192092896 0.7656199932098389 0.48124998807907104 0.7656199932098389
0 0.7562500238418579 0.39061999320983887 0.6812499761581421 0.4015600085258484 0.6291700005531311 0.4328100085258484 0.6291700005531311 0.45311999320983887 0.6395800113677979 0.4718799889087677 0.635420024394989 0.4906199872493744 0.6937500238418579 0.5 0.7562500238418579 0.5
0 0.5041700005531311 0.45469000935554504 0.4937500059604645 0.4625000059604645 0.5062500238418579 0.4937500059604645 0.512499988079071 0.4953100085258484 0.518750011920929 0.48906001448631287 0.5583299994468689 0.5031200051307678 0.6395800113677979 0.5031200051307678 0.6395800113677979 0.4281199872493744 0.520829975605011 0.4281199872493744
0 0.5770800113677979 0.543749988079071 0.5479199886322021 0.5578100085258484 0.520829975605011 0.6078100204467773 0.518750011920929 0.6640599966049194 0.520829975605011 0.6718800067901611 0.5249999761581421 0.6625000238418579 0.53125 0.6671900153160095 0.5166699886322021 0.7015600204467773 0.5166699886322021 0.7531200051307678 0.552079975605011 0.762499988079071 0.666670024394989 0.762499988079071 0.666670024394989 0.5625 0.6312500238418579 0.5468800067901611
0 0.6291700005531311 0.5640599727630615 0.6187499761581421 0.5718700289726257 0.6229199767112732 0.6484400033950806 0.643750011920929 0.6578099727630615 0.612500011920929 0.7296900153160095 0.6229199767112732 0.7609400153160095 0.643750011920929 0.7718799710273743 0.78125 0.7718799710273743 0.78125 0.581250011920929 0.770829975605011 0.5843799710273743 0.739579975605011 0.5640599727630615
