0 0.1916700005531311 0.4124999940395355 0.16666999459266663 0.4328100085258484 0.18542000651359558 0.5843799710273743 0.21250000596046448 0.6046900153160095 0.2833299934864044 0.6046900153160095 0.2874999940395355 0.5 0.2708300054073334 0.5140600204467773 0.24792000651359558 0.42500001192092896 0.22708000242710114 0.4124999940395355
0 0.2750000059604645 0.7718799710273743 0.2750000059604645 0.7781199812889099 0.2791700065135956 0.7765600085258484 0.2833299934864044 0.7796900272369385 0.2874999940395355 0.793749988079071 0.3062500059604645 0.8062499761581421 0.3229199945926666 0.8109400272369385 0.3645800054073334 0.8062499761581421 0.38958001136779785 0.7875000238418579 0.3854199945926666 0.7656199932098389 0.36667001247406006 0.7546899914741516 0.3458299934864044 0.75 0.32499998807907104 0.75
0 0.48541998863220215 0.53125 0.4749999940395355 0.5234400033950806 0.4625000059604645 0.5203099846839905 0.4416700005531311 0.5203099846839905 0.42500001192092896 0.5249999761581421 0.40625 0.5375000238418579 0.39792001247406006 0.550000011920929 0.39792001247406006 0.5609400272369385 0.4020799994468689 0.5671899914741516 0.4104200005531311 0.5718700289726257 0.42917001247406006 0.574999988079071 0.46042001247406006 0.5687500238418579 0.48333001136779785 0.5515599846839905 0.48750001192092896 0.5406200289726257
0 0.48333001136779785 0.5531299710273743 0.44999998807907104 0.574999988079071 0.46042001247406006 0.574999988079071 0.44582998752593994 0.6046900153160095 0.45416998863220215 0.6390600204467773 0.46042001247406006 0.6359400153160095 0.49167001247406006 0.6499999761581421 0.5354200005531311 0.6468799710273743 0.5604199767112732 0.6328099966049194 0.5708299875259399 0.6187499761581421 0.5708299875259399 0.5859400033950806 0.550000011920929 0.5656200051307678 0.5229200124740601 0.5578100085258484 0.4937500059604645 0.5593799948692322
0 0.12707999348640442 0.6578099727630615 0.14374999701976776 0.6937500238418579 0.1916700005531311 0.7124999761581421 0.12291999906301498 0.7546899914741516 0.12291999906301498 0.7828099727630615 0.14167000353336334 0.800000011920929 0.1833299994468689 0.8031200170516968 0.2791700065135956 0.768750011920929 0.2854200005531311 0.7921900153160095 0.3104200065135956 0.8078100085258484 0.36041998863220215 0.8078100085258484 0.38749998807907104 0.7921900153160095 0.3854199945926666 0.7656199932098389 0.32916998863220215 0.7484400272369385 0.4020799994468689 0.7093799710273743 0.41457998752593994 0.7250000238418579 0.41457998752593994 0.6937500238418579 0.38332998752593994 0.6625000238418579
0 0.2874999940395355 0.6046900153160095 0.26875001192092896 0.6296899914741516 0.2791700065135956 0.6593800187110901 0.3104200065135956 0.6765599846839905 0.375 0.6765599846839905 0.375 0.6609399914741516 0.36250001192092896 0.6578099727630615 0.375 0.6296899914741516 0.375 0.6218799948692322 0.35207998752593994 0.6015599966049194 0.3333300054073334 0.5953099727630615 0.3083299994468689 0.5968800187110901
0 0.45625001192092896 0.6578099727630615 0.4395799934864044 0.6593800187110901 0.42083001136779785 0.675000011920929 0.40625 0.6953099966049194 0.4083299934864044 0.7234399914741516 0.4354200065135956 0.7406200170516968 0.4625000059604645 0.7390599846839905 0.45208001136779785 0.737500011920929 0.48124998807907104 0.7171900272369385 0.48333001136779785 0.6765599846839905 0.4666700065135956 0.6609399914741516
0 0.38749998807907104 0.5953099727630615 0.3708299994468689 0.612500011920929 0.36667001247406006 0.625 0.3687500059604645 0.643750011920929 0.375 0.6359400153160095 0.3854199945926666 0.6484400033950806 0.4104200005531311 0.6625000238418579 0.4354200065135956 0.6625000238418579 0.44999998807907104 0.65625 0.4395799934864044 0.6531199812889099 0.4437499940395355 0.6453099846839905 0.4416700005531311 0.6265599727630615 0.4479199945926666 0.6281200051307678 0.44999998807907104 0.6343700289726257 0.4375 0.606249988079071 0.41457998752593994 0.5953099727630615
0 0.4333299994468689 0.3468799889087677 0.4124999940395355 0.3484399914741516 0.3854199945926666 0.36406001448631287 0.3770799934864044 0.39375001192092896 0.3729200065135956 0.48280999064445496 0.42083001136779785 0.5015599727630615 0.4479199945926666 0.4953100085258484 0.4625000059604645 0.48124998807907104 0.4749999940395355 0.39061999320983887 0.4625000059604645 0.35938000679016113
0 0.2874999940395355 0.4968799948692322 0.2770799994468689 0.5093700289726257 0.2770799994468689 0.5484399795532227 0.2854200005531311 0.5546900033950806 0.28957998752593994 0.5531299710273743 0.3125 0.5703099966049194 0.4000000059604645 0.5687500238418579 0.3958300054073334 0.5640599727630615 0.3958300054073334 0.5484399795532227 0.4020799994468689 0.5406200289726257 0.4000000059604645 0.4968799948692322 0.3541699945926666 0.47811999917030334 0.32082998752593994 0.47968998551368713
0 0.22708000242710114 0.606249988079071 0.18957999348640442 0.606249988079071 0.17082999646663666 0.612500011920929 0.13333000242710114 0.6421899795532227 0.13333000242710114 0.6812499761581421 0.16666999459266663 0.7078099846839905 0.20624999701976776 0.7078099846839905 0.26458001136779785 0.6875 0.26458001136779785 0.6312500238418579 0.25 0.6171900033950806
