0 0.32082998752593994 0.4421899914741516 0.2791700065135956 0.4421899914741516 0.16875000298023224 0.5343800187110901 0.16666999459266663 0.5515599846839905 0.17708000540733337 0.5640599727630615 0.1916700005531311 0.5703099966049194 0.22708000242710114 0.5687500238418579 0.26875001192092896 0.5328099727630615 0.3229199945926666 0.5656200051307678 0.3333300054073334 0.5640599727630615 0.3333300054073334 0.45311999320983887
0 0.21667000651359558 0.6109399795532227 0.18957999348640442 0.6281200051307678 0.19374999403953552 0.7015600204467773 0.20417000353336334 0.737500011920929 0.22082999348640442 0.7468799948692322 0.23958000540733337 0.7468799948692322 0.26249998807907104 0.7343800067901611 0.26249998807907104 0.6953099966049194 0.24792000651359558 0.6343700289726257 0.26458001136779785 0.6156299710273743 0.24166999757289886 0.6171900033950806
0 0.29583001136779785 0.6140599846839905 0.29583001136779785 0.6187499761581421 0.36041998863220215 0.65625 0.38958001136779785 0.6546900272369385 0.38958001136779785 0.6406199932098389 0.3854199945926666 0.6328099966049194 0.33125001192092896 0.6000000238418579 0.3125 0.6000000238418579 0.3020800054073334 0.6078100204467773 0.3020800054073334 0.6140599846839905 0.29791998863220215 0.6171900033950806
0 0.39792001247406006 0.4671899974346161 0.3958300054073334 0.47811999917030334 0.40625 0.48750001192092896 0.4375 0.48906001448631287 0.44582998752593994 0.49219000339508057 0.46875 0.4906199872493744 0.4708299934864044 0.48438000679016113 0.46875 0.4625000059604645 0.4583300054073334 0.45155999064445496 0.42917001247406006 0.44999998807907104 0.4104200005531311 0.45625001192092896
0 0.3645800054073334 0.48594000935554504 0.30000001192092896 0.47968998551368713 0.26875001192092896 0.5031200051307678 0.22708000242710114 0.48750001192092896 0.20624999701976776 0.5 0.20624999701976776 0.5703099966049194 0.24792000651359558 0.5515599846839905 0.21667000651359558 0.5828099846839905 0.22708000242710114 0.6109399795532227 0.26875001192092896 0.612500011920929 0.3187499940395355 0.5718700289726257 0.32708001136779785 0.59375 0.35624998807907104 0.6140599846839905 0.3770799934864044 0.6015599966049194 0.3812499940395355 0.574999988079071 0.3458299934864044 0.5515599846839905 0.3812499940395355 0.518750011920929 0.3812499940395355 0.5015599727630615
0 0.5249999761581421 0.5953099727630615 0.512499988079071 0.5859400033950806 0.4375 0.59375 0.42500001192092896 0.6015599966049194 0.42500001192092896 0.6218799948692322 0.42917001247406006 0.6265599727630615 0.5249999761581421 0.6265599727630615
0 0.3854199945926666 0.5531299710273743 0.3729200065135956 0.5656200051307678 0.3729200065135956 0.59375 0.3770799934864044 0.5906199812889099 0.3770799934864044 0.5859400033950806 0.3812499940395355 0.5843799710273743 0.4083299934864044 0.6000000238418579 0.4354200065135956 0.6015599966049194 0.4333299994468689 0.5953099727630615 0.4395799934864044 0.5921900272369385 0.4416700005531311 0.581250011920929 0.4312500059604645 0.5640599727630615 0.4124999940395355 0.5531299710273743
0 0.3166700005531311 0.5640599727630615 0.32082998752593994 0.5781199932098389 0.3166700005531311 0.581250011920929 0.3166700005531311 0.59375 0.32499998807907104 0.5968800187110901 0.3187499940395355 0.5921900272369385 0.32082998752593994 0.5843799710273743 0.32916998863220215 0.5968800187110901 0.3479200005531311 0.6078100204467773 0.375 0.6093800067901611 0.375 0.5703099966049194 0.3541699945926666 0.5546900033950806 0.33542001247406006 0.5562499761581421 0.3229199945926666 0.5671899914741516
0 0.3020800054073334 0.6640599966049194 0.29791998863220215 0.668749988079071 0.2833299934864044 0.6734399795532227 0.2708300054073334 0.6843799948692322 0.26458001136779785 0.6984400153160095 0.26458001136779785 0.7093799710273743 0.2750000059604645 0.7218800187110901 0.29374998807907104 0.731249988079071 0.3166700005531311 0.731249988079071 0.32916998863220215 0.7265599966049194 0.34375 0.7140600085258484 0.3499999940395355 0.7031199932098389 0.3499999940395355 0.6921899914741516 0.34375 0.6796900033950806 0.3333300054073334 0.6718800067901611
0 0.24166999757289886 0.612500011920929 0.24166999757289886 0.6234400272369385 0.2520799934864044 0.6296899914741516 0.2520799934864044 0.6453099846839905 0.26875001192092896 0.6593800187110901 0.2874999940395355 0.6656200289726257 0.32082998752593994 0.6671900153160095 0.32082998752593994 0.6390600204467773 0.3062500059604645 0.625 0.2916699945926666 0.6187499761581421 0.26666998863220215 0.6156299710273743 0.2541700005531311 0.6171900033950806 0.2520799934864044 0.612500011920929
