0 0.7166699767112732 0.5171899795532227 0.6937500238418579 0.4968799948692322 0.6604200005531311 0.49219000339508057 0.4583300054073334 0.5218799710273743 0.42500001192092896 0.5468800067901611 0.42500001192092896 0.5843799710273743 0.45625001192092896 0.5968800187110901 0.614579975605011 0.5968800187110901 0.6291700005531311 0.574999988079071 0.706250011920929 0.5531299710273743 0.7166699767112732 0.5421900153160095
0 0.23749999701976776 0.6968799829483032 0.23749999701976776 0.7281200289726257 0.26666998863220215 0.75 0.5270799994468689 0.7796900272369385 0.5562499761581421 0.768750011920929 0.5791699886322021 0.7406200170516968 0.5770800113677979 0.7203099727630615 0.5541700124740601 0.6968799829483032 0.4124999940395355 0.675000011920929 0.28957998752593994 0.6671900153160095 0.26249998807907104 0.675000011920929
0 0.15000000596046448 0.6593800187110901 0.13541999459266663 0.6703100204467773 0.1291700005531311 0.6843799948692322 0.1291700005531311 0.7015600204467773 0.14374999701976776 0.7281200289726257 0.1833299994468689 0.7484400272369385 0.21041999757289886 0.7484400272369385 0.22916999459266663 0.7390599846839905 0.23332999646663666 0.7437499761581421 0.2229200005531311 0.7484400272369385 0.23332999646663666 0.7484400272369385 0.23332999646663666 0.6921899914741516 0.2229200005531311 0.6765599846839905 0.20207999646663666 0.6609399914741516 0.1833299994468689 0.6546900272369385
0 0.3645800054073334 0.40625 0.35624998807907104 0.42030999064445496 0.35624998807907104 0.44843998551368713 0.36250001192092896 0.45938000082969666 0.38332998752593994 0.47655999660491943 0.4354200065135956 0.47811999917030334 0.4375 0.4343799948692322 0.4312500059604645 0.41874998807907104 0.41874998807907104 0.4078100025653839 0.39792001247406006 0.39844000339508057 0.3854199945926666 0.39688000082969666
0 0.6187499761581421 0.5843799710273743 0.6187499761581421 0.6046900153160095 0.6291700005531311 0.6171900033950806 0.6499999761581421 0.6296899914741516 0.6729199886322021 0.6359400153160095 0.699999988079071 0.6359400153160095 0.7145799994468689 0.6312500238418579 0.7250000238418579 0.6218799948692322 0.7270799875259399 0.6031200289726257 0.7041699886322021 0.581250011920929 0.6854199767112732 0.5734400153160095 0.635420024394989 0.5734400153160095
0 0.2833299934864044 0.5828099846839905 0.26875001192092896 0.59375 0.25832998752593994 0.6109399795532227 0.2562499940395355 0.6343700289726257 0.26458001136779785 0.6546900272369385 0.2854200005531311 0.6625000238418579 0.3458299934864044 0.6625000238418579 0.3458299934864044 0.6140599846839905 0.3333300054073334 0.5859400033950806 0.3125 0.5765600204467773
0 0.4270800054073334 0.4749999940395355 0.40625 0.48124998807907104 0.36250001192092896 0.4703100025653839 0.33125001192092896 0.48124998807907104 0.3104200065135956 0.4953100085258484 0.2916699945926666 0.5218799710273743 0.2916699945926666 0.550000011920929 0.3104200065135956 0.574999988079071 0.3333300054073334 0.5843799710273743 0.3770799934864044 0.5828099846839905 0.4041700065135956 0.5625 0.4270800054073334 0.53125
0 0.512499988079071 0.42188000679016113 0.4791699945926666 0.41405999660491943 0.4375 0.42188000679016113 0.4395799934864044 0.45625001192092896 0.42917001247406006 0.4734399914741516 0.4166699945926666 0.48124998807907104 0.4166699945926666 0.5218799710273743 0.48124998807907104 0.5203099846839905 0.5145800113677979 0.5109400153160095 0.5395799875259399 0.48280999064445496 0.541670024394989 0.45625001192092896 0.5333300232887268 0.4390600025653839
0 0.35833001136779785 0.6046900153160095 0.34375 0.6218799948692322 0.34375 0.6421899795532227 0.36041998863220215 0.668749988079071 0.4166699945926666 0.675000011920929 0.42500001192092896 0.6843799948692322 0.4333299994468689 0.6796900033950806 0.4749999940395355 0.6828100085258484 0.4729200005531311 0.6140599846839905 0.45416998863220215 0.5968800187110901 0.4270800054073334 0.5859400033950806 0.39792001247406006 0.5859400033950806
0 0.49167001247406006 0.5968800187110901 0.48750001192092896 0.6625000238418579 0.510420024394989 0.6859400272369385 0.5895799994468689 0.6875 0.6291700005531311 0.6640599966049194 0.6291700005531311 0.6171900033950806 0.5874999761581421 0.5859400033950806 0.53125 0.5843799710273743
