0 0.543749988079071 0.5203099846839905 0.5229200124740601 0.518750011920929 0.5 0.5296900272369385 0.42917001247406006 0.6015599966049194 0.42083001136779785 0.6218799948692322 0.4354200065135956 0.6390600204467773 0.4708299934864044 0.6390600204467773 0.5625 0.5531299710273743 0.5625 0.5406200289726257
0 0.42083001136779785 0.4656200110912323 0.4041700065135956 0.4749999940395355 0.38332998752593994 0.581250011920929 0.4041700065135956 0.5984399914741516 0.4729200005531311 0.6015599966049194 0.4729200005531311 0.5640599727630615 0.4479199945926666 0.5781199932098389 0.4666700065135956 0.48906001448631287 0.4625000059604645 0.47655999660491943 0.4479199945926666 0.4656200110912323
0 0.2750000059604645 0.5140600204467773 0.26875001192092896 0.5218799710273743 0.26875001192092896 0.5359399914741516 0.2750000059604645 0.5484399795532227 0.2874999940395355 0.5578100085258484 0.3395799994468689 0.5578100085258484 0.3416700065135956 0.5249999761581421 0.3375000059604645 0.5156199932098389 0.32708001136779785 0.5078099966049194 0.3166700005531311 0.5046899914741516 0.29583001136779785 0.5046899914741516
0 0.4749999940395355 0.5140600204467773 0.4749999940395355 0.5265600085258484 0.48124998807907104 0.53125 0.48333001136779785 0.5265600085258484 0.4958299994468689 0.53125 0.5041700005531311 0.5265600085258484 0.5062500238418579 0.53125 0.5458300113677979 0.5296900272369385 0.543749988079071 0.5062500238418579 0.5229200124740601 0.4968799948692322 0.49167001247406006 0.4984399974346161 0.48333001136779785 0.5031200051307678 0.4791699945926666 0.5140600204467773
0 0.5249999761581421 0.6890599727630615 0.5166699886322021 0.6968799829483032 0.5166699886322021 0.7140600085258484 0.5375000238418579 0.7281200289726257 0.5708299875259399 0.7359399795532227 0.5666700005531311 0.7328100204467773 0.581250011920929 0.7265599966049194 0.5916699767112732 0.7156199812889099 0.5874999761581421 0.7015600204467773 0.574999988079071 0.6921899914741516 0.5625 0.6875 0.5354200005531311 0.6859400272369385
0 0.34375 0.5562499761581421 0.33542001247406006 0.5625 0.33125001192092896 0.5718700289726257 0.3333300054073334 0.5859400033950806 0.3375000059604645 0.5921900272369385 0.3541699945926666 0.606249988079071 0.36667001247406006 0.6046900153160095 0.3729200065135956 0.6078100204467773 0.3812499940395355 0.6031200289726257 0.3854199945926666 0.606249988079071 0.38332998752593994 0.6031200289726257 0.38749998807907104 0.5984399914741516 0.38749998807907104 0.5531299710273743 0.36041998863220215 0.5531299710273743
0 0.25 0.6343700289726257 0.25 0.6656200289726257 0.2562499940395355 0.668749988079071 0.26458001136779785 0.6875 0.29583001136779785 0.6859400272369385 0.3458299934864044 0.668749988079071 0.3541699945926666 0.6578099727630615 0.3541699945926666 0.6499999761581421 0.3458299934864044 0.6406199932098389
0 0.2520799934864044 0.6156299710273743 0.25 0.6421899795532227 0.26875001192092896 0.6421899795532227 0.2604199945926666 0.6359400153160095 0.29791998863220215 0.6359400153160095 0.3229199945926666 0.6406199932098389 0.3458299934864044 0.6390600204467773 0.3499999940395355 0.6421899795532227 0.3541699945926666 0.6390600204467773 0.3541699945926666 0.6140599846839905 0.3416700065135956 0.6078100204467773 0.2708300054073334 0.6046900153160095 0.26249998807907104 0.6093800067901611 0.2562499940395355 0.6234400272369385
0 0.36041998863220215 0.6234400272369385 0.34375 0.6406199932098389 0.3645800054073334 0.6546900272369385 0.36250001192092896 0.7406200170516968 0.3854199945926666 0.7593799829483032 0.42500001192092896 0.7609400153160095 0.4270800054073334 0.6812499761581421 0.42083001136779785 0.6796900033950806 0.42083001136779785 0.6656200289726257 0.4270800054073334 0.6609399914741516 0.4270800054073334 0.6359400153160095 0.41874998807907104 0.6234400272369385 0.3687500059604645 0.6343700289726257
0 0.5666700005531311 0.4937500059604645 0.5583299994468689 0.5109400153160095 0.5583299994468689 0.5265600085258484 0.5625 0.5234400033950806 0.5687500238418579 0.5265600085258484 0.5874999761581421 0.5249999761581421 0.5916699767112732 0.5281199812889099 0.5958300232887268 0.5265600085258484 0.6083300113677979 0.5296900272369385 0.612500011920929 0.5265600085258484 0.6187499761581421 0.5265600085258484 0.6270800232887268 0.518750011920929 0.6270800232887268 0.5062500238418579 0.612500011920929 0.4937500059604645 0.5958300232887268 0.48906001448631287 0.574999988079071 0.48906001448631287
